$ANSIBLE_VAULT;1.1;AES256
38613736623436353634643935356663316336316561316436646361393961376263663535643132
3933643337316633626232396236613264373835363839370a386632346635343963366534363865
64363030633864393962636563613731356335646464653636633935363962313637323036613236
6138623031656565660a666466333762613134306530383433633665343163623635363530653736
39666234636261666533383730383862356430613761316563616638633636326235663832316266
65303935396561396439343766356632343961636535393330373164373666316264666332643833
37383566653662646432356262613330323263396266303764393965613230363931313033323565
37316438616136626562373130313264356233323731623032363131383636353439353165303764
36343232313134663935363434373730336131373665356638303933396632303362363962386130
37663562326664353535623161633466306462383966316335663431373733646234393931373335
31316466363163626366316561383936663839383062373865663037633133303866646131376633
32326534303530313630303939636166616337353836656666396363633163353531666661343965
3632
